x y modelo parametros
0 6 Paso -0.82988660994 0.135211257805 16.0369086536 -0.0326374166982 118.977491016

0 7 Gaussiana 16.8855135045 0.12554216222 3.34960014481 247.377573248 -61.3328229573

0 8 Paso 7.61506522065 -0.0283224736387 34.6660704407 0.0299602079565 156.347208181

0 9 Paso 2.6966778276 -0.0908100341089 51.6483593063 0.025267718658 170.000755545

0 10 Paso 1.83464147645 -0.0888892431936 51.9634465613 0.023114984373 192.297198605

0 21 Paso 13.7303446159 -0.0605620420056 9.24984250104 0.225457859576 202.781750201

0 22 Paso 15.7353156367 -0.0224381155226 -7.73996308925 -0.0326371630137 91.990895796

0 23 Paso 4.8010083526 -0.0205618290556 3.68810079161 0.379791566532 185.791535373

0 54 Paso 2.56783949859 -0.00277070492201 -0.879729174674 -0.0570545985621 143.248097662

0 72 Paso 9.56444956969 -0.0272250659047 2.4078123389 0.477685973406 79.3145606191

0 74 Paso 12.3377384955 -0.029542213444 3.94102416705 0.169085692209 72.0373151392

0 75 Paso 4.21690965265 -0.0566747833517 14.0548299388 0.0225876657773 34.1571219194

0 76 Paso 17.1107056593 -0.0566793975294 6.33483254955 0.639403925433 50.1622076074

0 77 Gaussiana 19.0051743513 -0.0278220303041 -2.50020759475 249.98858285 27.5490642419

0 82 Paso 15.2696242758 -0.0294068381862 19.6385829552 -0.0435669469671 88.7446041795

0 83 Paso 10.7062469545 -0.0201993011746 24.2565457909 -0.0163768528806 118.953760073

0 94 Paso -0.283316995287 -0.0451324184903 35.8881475019 0.0112272996768 214.000404218

1 8 Paso 11.2009720055 -0.0273228301461 39.298007608 0.0944377418835 151.489503792

1 9 Paso 9.59015038746 -0.0237374742328 38.1478538681 0.142751649705 153.570763492

1 10 Paso 7.65525051558 0.00168769161324 30.1813980591 0.0745463643666 156.601641302

1 14 Paso 28.0427398334 0.104402150521 -28.8819540771 -0.0101028041666 9.44307276144

1 15 Paso 6.90152259126 0.032015426346 19.2474820843 0.0392174690006 196.885428387

1 16 Paso 11.8551089769 0.0449012444286 11.657221699 0.0471355858938 225.994357442

1 21 Paso 30.9948390909 -0.0508783420825 -8.11337065155 -0.678543653066 212.865284389

1 22 Paso 3.29338946144 -0.011194971558 4.70346268176 0.757486003933 80.2194147894

1 23 Paso 3.60460285884 -0.024452209255 5.27648345628 0.0782216222996 112.848706601

1 28 Gaussiana 1.71909177253 0.00101786903511 0.796430699659 250.522892407 1.50385633936

1 55 Paso 1.3570615603 -0.00660676881667 1.07424271104 0.195113114861 185.90163278

1 62 Paso 0.340577437415 0.00288068105386 6.28026864308 -0.0726789125328 26.0590620899

1 82 Paso 8.1821185128 -0.0140956717715 33.9352178405 -0.0154704433865 102.806877074

1 83 Paso 2.99954528303 -0.0213201918864 32.691229341 -0.00713391372909 202.282207753

1 94 Paso 16.8579565353 -0.0378669186666 15.6191974597 0.0309602082099 141.904991311

1 98 Paso 8.9351674052 -0.0821400525957 31.7469914311 0.0178957745114 83.2055995073

2 7 Paso 9.29251344442 -0.0160336333617 46.6589889471 0.0179892737756 157.455513158

2 8 Paso 11.8130281152 -0.0263111224376 42.0472457853 0.0675529296499 149.813554043

2 9 Paso 15.0245922699 -0.0363316457665 36.7106406561 0.340351846582 150.010886586

2 14 Paso 1.04002607676 0.185089893331 -3.27036271985 1.62892567842 108.190314875

2 20 Paso 7.90529888566 -0.00799478529541 7.6664300708 0.734376133805 110.002251782

2 28 Paso 3.34217792662 -0.00280947827498 -0.613464012083 -0.821054570398 244.326228168

2 82 Gaussiana 57.8807946732 -0.138733788256 1.35215831776 250.777117436 -6.44452478979

2 83 Paso -6.09278748085 -0.180350715549 45.9861124282 0.025585484737 -4.60273802154

3 8 Paso 12.3160688447 -0.0327571084648 38.2083741072 0.0338556726074 137.151994181

3 9 Paso 20.811903193 -0.0110230964419 25.0041606729 0.31176664095 141.177699462

3 15 Paso 4.29323293215 -0.0305942654019 40.4034881796 0.0277256750089 229.868069254

3 16 Paso 1.74713734157 -0.0287614743517 39.555748971 0.0199463523307 233.042240844

3 26 Gaussiana 1.51194337808 0.00724551964352 0.341709154553 249.848796951 2.16266050265

3 28 Gaussiana 1.00728816532 0.00478351143821 1.25048726769 250.077953434 10.5557257186

3 63 Paso 12.6732254595 0.0344431558906 -15.9215120769 0.00360513948814 139.489953179

3 82 Gaussiana 58.8791221779 -0.132622719954 -1.00949390116 249.498168857 9.94670553463

3 91 Paso -11.195876515 0.098312549504 10.3375267543 -0.0632127441414 97.584482097

83 33 Paso -0.843780391691 -0.154120399498 54.9979828404 0.00814692510188 -1.45742440484

83 34 Gaussiana 70.0736043979 -0.0389943401124 1.33445511526 251.607085553 8.15802003778

83 35 Paso 19.3518947289 -0.254227729044 72.949605355 0.0126277947577 131.665865197

83 36 Paso 54.780617536 -0.138427423071 26.4980331538 1.68475095105 110.198882197

83 37 Paso 10.9879998883 0.0887396543898 25.729192599 -0.029532099151 279.617595144

83 38 Gaussiana 69.4551538689 -0.0720067569038 -1.92226212481 248.999670109 19.9660301274

83 39 Paso 3.63544448953 0.038088523149 36.1849462857 -0.00989923521129 145.79006121

83 40 Paso 21.4808140908 0.000822866795278 24.214772595 -0.117663766462 71.260016994

83 41 Paso 8.75811197637 0.0225589094839 47.1396868255 -0.0204740156103 14.7705338953

83 42 Paso 29.640222301 -0.0696185232158 5.57469551031 0.788319616441 160.050055971

83 43 Paso 18.1849631052 0.00606262386065 4.30899693296 -0.53199759804 199.893669461

83 44 Gaussiana 19.4732128051 -0.00572895893575 2.48685224467 249.122950134 -30.6482500788

83 45 Paso 1.88047205107 0.0460077399235 8.39828125374 -0.624531998055 178.416636361

83 46 Paso 16.7004971974 0.0486422169924 -8.38822745564 0.506123113624 170.233220575

83 47 Paso 1.9496913362 0.0399433093648 5.95431950864 -0.798566521227 165.836196842

83 48 Paso -6.4166602985 0.0632552351162 6.09128945533 -0.542931690495 216.363960592

83 49 Paso 11.2289958557 0.031993240911 -3.32042022439 1.54242484987 154.322620958

83 50 Gaussiana 8.59757717976 0.0197503947033 2.51888172117 250.084281849 -23.0179443797

83 51 Paso 9.01770214573 0.0501147165519 -4.74332154925 0.565720096798 204.900751503

83 52 Paso 9.82721345267 0.0230598296793 1.46701263085 -0.305163643496 142.550696935

83 53 Paso 11.978767173 0.0148855507877 1.67062309342 0.719365149801 91.2612362141

83 54 Paso 17.7673483694 -0.0483848000261 12.7092294569 0.0523793098446 211.627924371

83 55 Paso 7.46623051336 -0.0685032594484 25.4468670835 0.0228227150903 194.278311527

83 56 Paso 11.0494305011 -0.0935234965969 28.9026594948 0.0223535983208 192.148897507

83 57 Paso 35.9328544531 -0.0139384363956 -7.71969680284 -0.119110206756 203.527720142

83 58 Paso 10.2134300477 -0.0163522863424 17.2097191311 0.00600127716943 123.853337693

83 59 Paso 7.59238931958 -0.00231378896674 17.6024182472 0.00512391501609 116.525432989

83 60 Paso 18.4761428877 0.0496854879996 3.93112020194 -0.48721774214 84.9889983119

83 61 Paso 27.8828467836 0.0458067462583 -3.26151689453 0.9019729864 126.661815824

83 62 Paso 10.1861118057 -0.0133064170525 23.5426802186 0.00331087796964 85.0328777555

83 63 Paso 5.65517832748 0.00462831056909 20.268570459 0.0273603349826 22.2323024325

83 64 Paso 8.61989736947 -0.0179115703366 25.97770391 0.0211077276925 53.9275487128

83 65 Paso 7.21523315726 -0.0231927838073 32.4233749773 0.0123558269953 66.1666215107

83 66 Lineal 42.5071793488 0.0561292190902

83 67 Paso 16.8511711303 0.110557470723 24.1020738591 -0.0137469404216 86.7344260234

83 68 Paso 7.26530510077 0.130743970217 28.5001234855 -0.0194548649837 143.213282934

83 69 Gaussiana 56.6501179386 -0.00780482324646 1.91514209564 248.683962368 -5.16424734787

83 70 Gaussiana 68.6977228127 -0.0323379129533 1.48792347655 249.684934297 -10.4306043138

83 71 Gaussiana 74.4198696302 -0.0363279598232 -1.01210895095 251.940913423 4.00476705552

83 72 Paso 9.18817504856 -0.0512254317851 37.9806204505 0.0189339959502 -41.671580892

83 73 Paso -5.86534432803 -0.0332095778999 41.8246238619 0.0346646553443 -69.8386324647

83 74 Paso 5.30396064899 0.0583321259666 52.5999931473 -0.00313428004563 125.254534667

83 75 Gaussiana 59.9902493394 -0.0326131748066 1.03095066331 249.206626801 -4.72596801124

83 76 Paso 15.2318564919 0.0680339531499 28.2890253747 -0.00736714565273 90.8356823396

83 77 Gaussiana 29.7680993383 0.0708657001405 1.15199386605 249.786790968 10.913486587

83 78 Paso 3.56582981028 -0.0513773358221 49.715571893 0.00781994488037 180.29299135

83 79 Gaussiana 38.0269841931 0.0759246548038 2.57311284126 250.417087193 48.7123796785

83 80 Gaussiana 55.5247706163 0.010097107602 1.97345326276 250.985618505 34.0847449417

83 81 Gaussiana 65.1331264588 -0.03728082776 2.18266496179 250.471186674 28.8463564074

83 83 Gaussiana 62.6939650473 -0.0648148872116 -0.115393144147 249.011189771 -1.02504187999

