x y likelihood f g h n t0
0 6 -3085.17743963 -0.82988660994 0.135211257805 16.0369086536 -0.0326374166982 118.977491016
0 7 -6525.43336471 7.31566303429 0.0548605814166 19.6093277733 0.00862419044582 168.156585522
0 8 -6666.70079441 7.61506522065 -0.0283224736387 34.6660704407 0.0299602079565 156.347208181
0 9 -2309.48214075 2.6966778276 -0.0908100341089 51.6483593063 0.025267718658 170.000755545
0 10 -5969.74825018 1.83464147645 -0.0888892431936 51.9634465613 0.023114984373 192.297198605
0 21 -3300.44027663 13.7303446159 -0.0605620420056 9.24984250104 0.225457859576 202.781750201
0 22 -2688.78161146 15.7353156367 -0.0224381155226 -7.73996308925 -0.0326371630137 91.990895796
0 23 -1285.46788068 4.8010083526 -0.0205618290556 3.68810079161 0.379791566532 185.791535373
0 54 -169.655767258 2.56783949859 -0.00277070492201 -0.879729174674 -0.0570545985621 143.248097662
0 72 -419.007951544 9.56444956969 -0.0272250659047 2.4078123389 0.477685973406 79.3145606191
0 74 -1363.78157412 12.3377384955 -0.029542213444 3.94102416705 0.169085692209 72.0373151392
0 75 -1102.90928881 4.21690965265 -0.0566747833517 14.0548299388 0.0225876657773 34.1571219194
0 76 -2416.54158352 17.1107056593 -0.0566793975294 6.33483254955 0.639403925433 50.1622076074
0 77 -2710.71415415 1.5154882217 -0.00134078027228 16.1238397378 -0.00373415325644 82.5998701636
0 82 -1133.51194472 15.2696242758 -0.0294068381862 19.6385829552 -0.0435669469671 88.7446041795
0 83 -794.723527957 10.7062469545 -0.0201993011746 24.2565457909 -0.0163768528806 118.953760073
0 94 -5431.47704539 -0.283316995287 -0.0451324184903 35.8881475019 0.0112272996768 214.000404218
1 8 -4041.52153899 11.2009720055 -0.0273228301461 39.298007608 0.0944377418835 151.489503792
1 9 -3155.55206527 9.59015038746 -0.0237374742328 38.1478538681 0.142751649705 153.570763492
1 10 -9512.73813872 7.65525051558 0.00168769161324 30.1813980591 0.0745463643666 156.601641302
1 14 -3778.98069107 28.0427398334 0.104402150521 -28.8819540771 -0.0101028041666 9.44307276144
1 15 -1769.78953304 6.90152259126 0.032015426346 19.2474820843 0.0392174690006 196.885428387
1 16 -2415.6884408 11.8551089769 0.0449012444286 11.657221699 0.0471355858938 225.994357442
1 21 -6333.66145985 30.9948390909 -0.0508783420825 -8.11337065155 -0.678543653066 212.865284389
1 22 -4570.07293842 3.29338946144 -0.011194971558 4.70346268176 0.757486003933 80.2194147894
1 23 -1844.45970786 3.60460285884 -0.024452209255 5.27648345628 0.0782216222996 112.848706601
1 28 -189.146108302 -3.10117970919 -0.00438543902964 5.48792756746 0.00107150161854 97.3215225743
1 55 -68.5611561272 1.3570615603 -0.00660676881667 1.07424271104 0.195113114861 185.90163278
1 62 -33.7351614562 0.340577437415 0.00288068105386 6.28026864308 -0.0726789125328 26.0590620899
1 82 -2462.24690676 8.1821185128 -0.0140956717715 33.9352178405 -0.0154704433865 102.806877074
1 83 -2226.87094953 2.99954528303 -0.0213201918864 32.691229341 -0.00713391372909 202.282207753
1 94 -1047.83294795 16.8579565353 -0.0378669186666 15.6191974597 0.0309602082099 141.904991311
1 98 -1871.92302202 8.9351674052 -0.0821400525957 31.7469914311 0.0178957745114 83.2055995073
2 7 -3172.94281868 9.29251344442 -0.0160336333617 46.6589889471 0.0179892737756 157.455513158
2 8 -1112.81003238 11.8130281152 -0.0263111224376 42.0472457853 0.0675529296499 149.813554043
2 9 -3884.33622268 15.0245922699 -0.0363316457665 36.7106406561 0.340351846582 150.010886586
2 14 -8037.63427266 1.04002607676 0.185089893331 -3.27036271985 1.62892567842 108.190314875
2 20 -8066.21590871 7.90529888566 -0.00799478529541 7.6664300708 0.734376133805 110.002251782
2 28 -160.038994212 3.34217792662 -0.00280947827498 -0.613464012083 -0.821054570398 244.326228168
2 82 -3891.47110041 6.88022021832 -0.139535154173 25.5538584282 1.55592083662 -46.1474509218
2 83 -2260.61420532 -6.09278748085 -0.180350715549 45.9861124282 0.025585484737 -4.60273802154
3 8 -2172.72358359 12.3160688447 -0.0327571084648 38.2083741072 0.0338556726074 137.151994181
3 9 -3547.3260124 20.811903193 -0.0110230964419 25.0041606729 0.31176664095 141.177699462
3 15 -3176.3134398 4.29323293215 -0.0305942654019 40.4034881796 0.0277256750089 229.868069254
3 16 -3349.15769682 1.74713734157 -0.0287614743517 39.555748971 0.0199463523307 233.042240844
3 26 -263.856107798 8.16661482996 0.0129748976946 -7.36289626765 0.00180458331075 167.996552253
3 28 -150.211325546 2.23857513979 -0.00407018683628 0.838775494811 1.07727874824 229.391787896
3 63 -180.967649506 12.6732254595 0.0344431558906 -15.9215120769 0.00360513948814 139.489953179
3 82 -4639.2895685 21.8929121774 -0.131744377269 18.4321501132 0.527996969002 -78.6301888976
3 91 -2921.04677627 -11.195876515 0.098312549504 10.3375267543 -0.0632127441414 97.584482097
83 33 -5242.69755944 -0.843780391691 -0.154120399498 54.9979828404 0.00814692510188 -1.45742440484
83 34 -14865.2901168 5.72990769606 0.0164403110041 55.9217257559 -0.00133329879254 142.159444253
83 35 -3897.25294917 19.3518947289 -0.254227729044 72.949605355 0.0126277947577 131.665865197
83 36 -4166.83246113 54.780617536 -0.138427423071 26.4980331538 1.68475095105 110.198882197
83 37 -4623.88281006 10.9879998883 0.0887396543898 25.729192599 -0.029532099151 279.617595144
83 38 -8982.7464806 3.83023058045 0.0317524702243 60.983441119 -0.0032905026001 60.2743036094
83 39 -3828.38852544 3.63544448953 0.038088523149 36.1849462857 -0.00989923521129 145.79006121
83 40 -1193.74182696 21.4808140908 0.000822866795278 24.214772595 -0.117663766462 71.260016994
83 41 -2598.99883069 8.75811197637 0.0225589094839 47.1396868255 -0.0204740156103 14.7705338953
83 42 -3104.27142014 29.640222301 -0.0696185232158 5.57469551031 0.788319616441 160.050055971
83 43 -3465.47761324 18.1849631052 0.00606262386065 4.30899693296 -0.53199759804 199.893669461
83 44 -4314.35295753 15.5403648002 -0.0136728318337 3.00592683904 0.77931356299 93.0047540982
83 45 -3173.00161806 1.88047205107 0.0460077399235 8.39828125374 -0.624531998055 178.416636361
83 46 -2476.10296738 16.7004971974 0.0486422169924 -8.38822745564 0.506123113624 170.233220575
83 47 -2012.59719341 1.9496913362 0.0399433093648 5.95431950864 -0.798566521227 165.836196842
83 48 -1747.15047693 -6.4166602985 0.0632552351162 6.09128945533 -0.542931690495 216.363960592
83 49 -2506.94410601 11.2289958557 0.031993240911 -3.32042022439 1.54242484987 154.322620958
83 50 -2580.28742212 -5.05412035837 0.0157562622672 14.9115711375 -1.36027180836e-05 175.154494958
83 51 -1158.91022987 9.01770214573 0.0501147165519 -4.74332154925 0.565720096798 204.900751503
83 52 -982.222270651 9.82721345267 0.0230598296793 1.46701263085 -0.305163643496 142.550696935
83 53 -1126.69795423 11.978767173 0.0148855507877 1.67062309342 0.719365149801 91.2612362141
83 54 -1127.49806581 17.7673483694 -0.0483848000261 12.7092294569 0.0523793098446 211.627924371
83 55 -2276.2892966 7.46623051336 -0.0685032594484 25.4468670835 0.0228227150903 194.278311527
83 56 -1346.64006656 11.0494305011 -0.0935234965969 28.9026594948 0.0223535983208 192.148897507
83 57 -612.330959049 35.9328544531 -0.0139384363956 -7.71969680284 -0.119110206756 203.527720142
83 58 -1422.30577981 10.2134300477 -0.0163522863424 17.2097191311 0.00600127716943 123.853337693
83 59 -2145.45093519 7.59238931958 -0.00231378896674 17.6024182472 0.00512391501609 116.525432989
83 60 -2722.11795386 18.4761428877 0.0496854879996 3.93112020194 -0.48721774214 84.9889983119
83 61 -2033.74551681 27.8828467836 0.0458067462583 -3.26151689453 0.9019729864 126.661815824
83 62 -1357.44925209 10.1861118057 -0.0133064170525 23.5426802186 0.00331087796964 85.0328777555
83 63 -1167.26080021 5.65517832748 0.00462831056909 20.268570459 0.0273603349826 22.2323024325
83 64 -1034.35573804 8.61989736947 -0.0179115703366 25.97770391 0.0211077276925 53.9275487128
83 65 -528.102634499 7.21523315726 -0.0231927838073 32.4233749773 0.0123558269953 66.1666215107
83 66 -1297.5956096 9.75788536871 0.0469707133778 34.211999531 0.000462983614026 207.935995712
83 67 -1578.62759427 16.8511711303 0.110557470723 24.1020738591 -0.0137469404216 86.7344260234
83 68 -992.327019777 7.26530510077 0.130743970217 28.5001234855 -0.0194548649837 143.213282934
83 69 -2309.71875897 25.9707870689 -0.00786275074679 15.2925279229 1.50628078838 -51.3105427885
83 70 -1886.04270688 5.58807866773 0.0159438395353 57.611152397 -0.00139227117033 126.499389957
83 71 -1881.53173456 13.3906387771 0.0346781018222 48.6652290972 -0.00201779500241 159.692719303
83 72 -2155.56247047 9.18817504856 -0.0512254317851 37.9806204505 0.0189339959502 -41.671580892
83 73 -2636.01397513 -5.86534432803 -0.0332095778999 41.8246238619 0.0346646553443 -69.8386324647
83 74 -2496.79275503 5.30396064899 0.0583321259666 52.5999931473 -0.00313428004563 125.254534667
83 75 -3178.84262343 -2.06565484986 -0.0320961017017 30.9881430837 0.75528610836 -85.1155518374
83 76 -1611.15318373 15.2318564919 0.0680339531499 28.2890253747 -0.00736714565273 90.8356823396
83 77 -2471.51475083 11.7063204901 0.0629476486519 19.1304609577 0.000478506027787 24.6041360133
83 78 -5073.03832112 3.56582981028 -0.0513773358221 49.715571893 0.00781994488037 180.29299135
83 79 -8719.55636205 0.0768956641504 -0.00326457759889 51.6743298935 0.00367030600503 193.303307866
83 80 -2769.3684286 12.8886572435 0.0107323671337 21.4664745658 1.07855837064 -85.7320410121
83 81 -1292.22610158 9.09091042132 -0.0376316653441 28.3576528617 0.280103627878 -111.009956727
83 83 -4199.45358715 5.24942743649 -0.0208450338288 53.35171116 -0.00141807767894 98.8232408174
